    aritmeticky priemer, max cislo
0.  | (2.009348307224124, 49) 
1.  | (2.008828716671854, 46) 
2.  | (2.0093241000103745, 50) 
3.  | (2.030820970363454, 44) 
4.  | (2.0143937822042397, 52) 
5.  | (2.013730677456168, 37) 
6.  | (2.015916243040426, 50) 
7.  | (2.008841684822077, 43) 
8.  | (2.015585122938064, 50) 
9.  | (2.0088875056195317, 44) 
10.  | (2.012683715461493, 42) 
11.  | (2.0273204343465783, 48) 
12.  | (2.018231490126915, 48) 
13.  | (2.022934605941142, 46) 
14.  | (2.01752170003804, 48) 
15.  | (2.0170911574506345, 44) 
16.  | (2.013352872013003, 51) 
17.  | (2.013777362796971, 44) 
18.  | (2.0254512916277623, 46) 
19.  | (2.009861845972957, 46) 
20.  | (2.005620396306671, 43) 
21.  | (2.0174516720268354, 43) 
22.  | (2.0161963550852438, 49) 
23.  | (2.0143090569561157, 48) 
24.  | (2.013023480997337, 46) 
25.  | (2.003540305010893, 42) 
26.  | (2.016905280630771, 55) 
27.  | (1.9912672476397966, 51) 
28.  | (2.0201136009959537, 50) 
29.  | (2.0085926963377942, 45) 
30.  | (2.019322543832348, 48) 
31.  | (2.0189698101462805, 51) 
32.  | (2.0209694989106755, 44) 
33.  | (2.009229000242072, 50) 
34.  | (2.0135759241968394, 50) 
35.  | (2.008016910467891, 49) 
36.  | (2.0227876335719475, 44) 
37.  | (2.022120206107134, 44) 
38.  | (2.021057682332192, 43) 
39.  | (2.0098341805858144, 50) 
40.  | (2.0218625721893697, 41) 
41.  | (2.006534218625722, 45) 
42.  | (2.014429228481516, 48) 
43.  | (2.010188643358578, 46) 
44.  | (2.006785800740049, 41) 
45.  | (2.0195110142822563, 47) 
46.  | (2.0066639001279523, 42) 
47.  | (1.9998167168101808, 56) 
48.  | (1.9996593699208078, 43) 
49.  | (2.0128816958882316, 51) 
50.  | (2.008199329114362, 41) 
51.  | (2.015940450254176, 53) 
52.  | (2.009126119583636, 52) 
53.  | (2.004887263547394, 44) 
54.  | (2.01091918248781, 48) 
55.  | (2.008173392813916, 51) 
56.  | (2.01277189888301, 50) 
57.  | (2.0030959297299167, 44) 
58.  | (2.012462392364353, 49) 
59.  | (2.013363246533181, 49) 
60.  | (2.009962997544697, 51) 
61.  | (2.010081439983401, 50) 
62.  | (2.0052667980772556, 41) 
63.  | (2.016217968668949, 46) 
64.  | (2.0056861016011345, 53) 
65.  | (2.007414323754193, 42) 
66.  | (2.0109304215513366, 39) 
67.  | (2.012394093439845, 45) 
68.  | (2.0185695265760626, 43) 
69.  | (2.0171724245253655, 41) 
70.  | (2.0154260469619945, 46) 
71.  | (2.0112606771103505, 41) 
72.  | (2.0068783068783067, 46) 
73.  | (2.009673375523049, 44) 
74.  | (2.014794930317806, 48) 
75.  | (2.012699277241761, 43) 
76.  | (2.019395165473597, 43) 
77.  | (2.0122860255213197, 47) 
78.  | (2.014891759172805, 56) 
79.  | (2.022357090984542, 47) 
80.  | (2.019209288653733, 48) 
81.  | (2.000892208735346, 48) 
82.  | (2.0180101670297748, 45) 
83.  | (2.013404744613895, 46) 
84.  | (2.014968703530795, 51) 
85.  | (2.009114015976761, 55) 
86.  | (2.0243230625583566, 49) 
87.  | (2.0120681605975723, 49) 
88.  | (2.010550022478127, 41) 
89.  | (2.0105534806515197, 50) 
90.  | (2.023533734481447, 46) 
91.  | (2.0251841477331674, 44) 
92.  | (2.0027535705640283, 46) 
93.  | (2.0192153404571704, 41) 
94.  | (2.0105448352180377, 44) 
95.  | (2.0186853753847216, 46) 
96.  | (2.012138188608777, 52) 
97.  | (2.018927447522219, 44) 
98.  | (2.016460905349794, 50) 
99.  | (2.010179997925096, 49) 